obtv-admin@obtv-ai:~/obview$ nvidia-smi dmon -s u
# gpu     sm    mem    enc    dec    jpg    ofa
# Idx      %      %      %      %      %      %
    0      0      0      0      0      0      0
    0      0      0      0      0      0      0
    0      0      0      0      0      0      0
    0      0      0      0      0      0      0
    0      0      0      0      0      0      0
    0      0      0      0      0      0      0
    0      0      0      0      0      0      0
    0      0      0      0      0      0      0
    0      0      0      0      0      0      0
    0      0      0      0      0      0      0
    0      0      0      0      0      0      0
    0      0      0      0      0      0      0
    0      0      0      0      0      0      0
    0      0      0      0      0      0      0
    0      0      0      0      0      0      0
    0      0      0      0      0      0      0
    0      0      0      0      0      0      0
    0      0      0      0      0      0      0
    0      0      0      0      0      0      0
    0      0      0      0      0      0      0
    0      0      0      0      0      0      0
    0      0      0      0      0      0      0
    0      0      0      0      0      0      0
    0      0      0      0      0      0      0
    0      0      0      0      0      0      0
    0      0      0      0      0      0      0
    0      0      0      0      0      0      0
    0      0      0      0      0      0      0
    0      0      0      0      0      0      0
    0      0      0      0      0      0      0
    0      0      0      0      0      0      0
    0      0      0      0      0      0      0
    0      0      0      0      0      0      0
    0     13      0     28      0      0      0
    0     20      1     39      0      0      0
    0     17      1     36      0      0      0
    0     20      1     41      0      0      0
    0     18      1     33      0      0      0
    0     11      0     26      0      0      0
    0     14      1     30      0      0      0
    0     17      1     36      0      0      0
    0     22      1     44      0      0      0
    0     17      1     37      0      0      0
    0     13      1     38      0      0      0
# gpu     sm    mem    enc    dec    jpg    ofa
# Idx      %      %      %      %      %      %
    0     12      1     37      0      0      0
    0      9      0     29      0      0      0
    0     11      1     33      0      0      0
    0      6      0     18      0      0      0
    0     13      1     37      0      0      0
    0     17      1     49      0      0      0
    0     17      1     49      0      0      0
^C    0     15      1     43      0      0      0
obtv-admin@obtv-ai:~/obview$ ^C
obtv-admin@obtv-ai:~/obview$ ^C
obtv-admin@obtv-ai:~/obview$ ^C
obtv-admin@obtv-ai:~/obview$ nvidia-smi
Sun Aug  9 14:36:12 2026
+-----------------------------------------------------------------------------------------+
| NVIDIA-SMI 575.64.03              Driver Version: 575.64.03      CUDA Version: 12.9     |
|-----------------------------------------+------------------------+----------------------+
| GPU  Name                 Persistence-M | Bus-Id          Disp.A | Volatile Uncorr. ECC |
| Fan  Temp   Perf          Pwr:Usage/Cap |           Memory-Usage | GPU-Util  Compute M. |
|                                         |                        |               MIG M. |
|=========================================+========================+======================|
|   0  NVIDIA L4                      Off |   00000000:05:00.0 Off |                    0 |
| N/A   43C    P0             29W /   72W |     264MiB /  23034MiB |      7%      Default |
|                                         |                        |                  N/A |
+-----------------------------------------+------------------------+----------------------+

+-----------------------------------------------------------------------------------------+
| Processes:                                                                              |
|  GPU   GI   CI              PID   Type   Process name                        GPU Memory |
|        ID   ID                                                               Usage      |
|=========================================================================================|
|    0   N/A  N/A            2611      G   /usr/lib/xorg/Xorg                        4MiB |
|    0   N/A  N/A         1152968      C   ffmpeg                                  241MiB |
+-----------------------------------------------------------------------------------------+